1038 1103 1106 1195 1213 1214 1227 1251 1307 1318 1342 1351 1369 1370 1379 1406
1419 1429 1453 1492 1532 1543 1563 1592 1593 1632 1633 1641 1643 1644 1645 1646
1648 1711 1775 1798 1834 1875 1877 1879 1880 1902 1907 1922 1924 1925 1969 1979
1997 2000 2003 2004 2006 2012 2013 2049 2051 2054 2056 2060 2089 2090 2091 2093
2097 2111 2117 2141 2151 2157 2163 2213 2216 2222 2223 2229 2244 2275 2280 2288
2295 2299 2300 2326 2336 2344 2351 2377 2378 2395 2458 2460 2461 2462 2464 2467
2506 2514 2555 2568 2588 2594 2599 2600 2618 2626 2631 2642 2657 2660 2661 2662
2671 2697 2708 2717 2718 2724 2729 2732 2739 2741 2751 2753 2759 2783 2786 2795
2796 2809 2812 2814 2815 2816 2823 2824 2843 2862 2864 2883 2886 2888 2890 2896
2901 2908 2916 2936 2937 2946 2957 2961 2976 2986 2987 3053 3069 3070 3072 3073
3083 3084 3100 3103 3117 3130 3155 3172 3178 3180 3181 3197 3198 3199 3203 3209
3224 3226 3228 3231 3237 3238 3243 3251 3252 3260 3261 3262 3267 3268 3272 3277
3295 3309 3323 3329 3350 3417 3439 3450 3463 3473 3482 3489 3493 3495 3498 3500
3501 3502 3504 3505 3522 3524 3531 3533 3534 3538 3543 3544 3545 3551 3555 3566
3573 3575 3589 3607 3613 3616 3622 3626 3629 3638 3643 3647 3651 3658 3659 3667
3668 3675 3687 3688 3709 3711 3712 3713 3716 3717 3718 3719 3721 3722 3725 3726
3727 3732 3733 3735 3737 3743 3745 3754 3767 3791 3802 3809 3810 3811 3812 3816
3817 3831 3834 3837 3838 3839 3894 3895 3916 3917 3922 3928 3943 3950 3984 3990
3993 3994 4001 4010 4025 4032 4033 4036 4043 4048 4052 4057 4059 4062 4063 4068
4070 4084 4085 4086 4106 4127 4130 4140 4143 4144 4145 4146 4147 4148 4149 4151
4152 4154 4180 4184 4194 4196 4199 4209 4212 4229 4236 4245 4247 4250 4251 4253
4260 4262 4263 4264 4266 4269 4288 4289 4291 4292 4293 4294 4296 4297 4298 4300
4305 4310 4311 4312 4316 4317 4318 4319 4320 4327 4337 4347 4352 4364 4367 4373
4378 4380 4404 4407 4414 4415 4418 4419 4421 4423 4424 4425 4426 4427 4428 4429
4430 4432 4434 4435 4437 4438 4439 4444 4452 4453 4454 4455 4456 4457 4458 4465
4471 4472 4475 4484 4488 4490 4505 4513 4519 4520 4521 4522 4523 4524 4527 4531
4538 4540 4543 4545 4548 4551 4552 4553 4554 4556 4557 4558 4561 4562 4563 4565
4566 4568 4569 4581 4590 4600 